‚228 00000 on 00000000 · [1³20. 00

n„ 000000100000, 00000000000000001000010001000
10. unqu 0000001010000.0000000000001 0100100 000000000οο0
, 1000000001000. norim-02 000100000101100101001000.

· 10 nummata: 0011010000οω0ιοΜοίο 01011000,
00000000000000001000001010000000100100000010001010101000. m
0000000000 0001001000οο 00 00000. unanima 1001000000001
00000 01 *00100101 gun)

17. 1000000 10 00100100 000 11100 0000000000 010000, note ou 1100 0.
10. droun 10000100 00 01001οο00 01 0100000000Ιο00, 000 0000
“ 000. 07. 01.
00. qud 001000001ωο 00 10000 0000 0000 000100 to 0000000
’ 00000000. 00 100000100001, 000 note 00 0. 00. 0. ·
00. 0000000100000000
00 0000000000 vion: 1000001100 110 0100. 1110, 110. 00, 101100
0010001000 01101100 story 01 cuiauis when 10 Gaul: “Onoe. while
0000101100, on 000100 01000010 0000001000 01000000, 100 0011001οο 0
0000000000 01 0100 ming 01 tho 00010 110 0000000 0100 01010000 01010000
put to 000110, 000 ou 0000000100 00 0100 0000101100 001010, 00000100 01000

010000 0000000 00000 0100100 100 0000110001οο, 1001001000 just 0010010
01000000,000,.”000000100000 ..

1100000. 0. ploni· 0000 m 0000000 aa: 0000 au 0000
000000 out before 1100 00 00001010 000 1001010
0. tutorum: 0100 000000, 00 00000100 000000, 0100 0010001001 0010
0010 01 0100 0000100, 0000 worth 010000 00
7. 0010000000 nt: 00 1110, 110. 00.1“1001000100000011’1100,Ν. 11. 1
“ 00011110, u to 0100 00000 01 00100 my 0100 100 0000000100 00001100Ι
· 01 00010000, 0 00100001 01 00010, 100 0000001000· ’11010 0010000000 0000010
0001100 0100 100000 01 0100 00000οο0 00100, 0001000 00000 000000 1000010 Ι
. 110 000000100101000 0 luge quantity 01 10 0001100, 000 000110 010 oh
0010 00000 0000110000 0010, but 0100 0000000100 000 00 010011 01000 100 1000 “
by the 000000100.”
0. 00 muto: 10 0000000000 0100010100 010ος 00 0000010101
. 0.0000001100000000011000001ιο00100000000010100010000110000’1
000, 10 Umbris, 010000 0000 01000010 000100000 00 Jupiter 0110000000
’11000 0100 1000010 000 01000 00000 00011 worth 0 01010 10 00001000 100 by
1010001001ωομο (xpm. 0111. 0), who 0000011000 0100 10001100.
n„ Butuntum 000000001010010100000100000000000001

11011000, 0000010110000101000 00000ου1000100010000000. 11000
,00000010010010000000000100010010000011000000010001000000

 

