110110] 110100 011 'nnuma 161

11. mannum 1111111 mantum 0001011111, 111. 111,
gives 00 0010011011 000000101 1010 nun ’11001100 0011 111111 110 01011

110111 10010101 101111 101111101 1011 11101111, 10 1110 Rom pennu,
legions, 0110101110 00111111 0011 0000111, 110 0000011101. ’1111 0111

110001110010011000101100100001001011100001101000011000000001101Ι

by 111111 0111101111010010 01 100 01110. 1110 1010111100 11111100 woltun
1111 daughter 0011 0101-1111130101, bo 01111011 10 010 10010. Gs. 1110, 111.
31; 1001101110 111,“01111011101000110001100100010,11001101101

00101011000111101110011 0111 1110 100011100101000101 01 Ausum. ’1111 “

0111111010110011001 1001011011,011111111011000111011’1100110001111
11111 11010 appointed 1111110110.”

26. 0100110110οι . . . 00000000110001111101000101110111001110
0110011100 00111 101100 01111 01100 1001100110 upon 011111. ’1110 0001
101 signatum 11010 placed upon 100 01110110 01 100 (1001101001.

(10.οι 00110 1111011110 01 0011001111.ψῆ0111010100 00111
011011101100100 110011 10 0101000 *11011 10 1110-11111110 01 100 001010.1
Since 1110 11010000 110011 1000100110οΙ symm 10 00111010Ιο11 111011· 1100-
110011, 100 111 001ος 1110 11011, 100 000100 11110 11010000 10001110000 1100
1111111011 1110 0101010011 10 11101110ος aa. 10101 a 0110111011· 10 100
011010’; ex 10111110, ι10 0000011’; 001110010, ’10 00010111,’ 010.

Pago 16. ³. principatum: 110 0110110;111.·11100110010110,’ 100
word 00011 10 0111011)1 1110 rulo 01 the 1111111111,1101011 1011 11110 0001
expresses 1110 position 01 the emperor, 01 1101111 01 100 1101010ωο01 01111
1110 000010. Tho 1101110 imperinm 0011 imperator unm 1011111 001110·
1111ος01 111011· 1001101011 1011111111· 1110001011, 1010 100 pungo 11001 ’1101-
1111 011011 next. 1100111110 . . . 11110110οω11 000 101101 11. 110
(5). 0110011110, 1101111, 1100 111100 1110100 1100111101* 110010,
Tiberina, 10 111011· 11100111001110110111101111011 10 100 0110101100ος
11111 0110011 gunda 1111000101 1110 011100 1011 000000001011 111111 11110
1110 Forum 0011 (111110, 001 1110110010 11010 011 01001101101110110 01 111
imperial 001111. 101001, that 00 00011011 0001111100 111 nothing, 0100111
when addressing 100 000010. 110110111011011, 11. 121, 10 1111101011. 110
1001000011 1111110010 1111 0 1011111110 0001011 00111000 ’11001101 01111 100
11111, 100 111101 0010110001 10 0101111 upon 0101 10 000000 111 0111100,
0011 00 1110101100 10 1010010 10 0011111011111011.

1. 01011000 unitum ’11111 101011 10 100 00110101, 01· (101011 01 11100-
1011100, 011 guard 11 1110 011000. 1101111 1001 100110 01 11011010 0111111101.
Madvig 000011 0011001 10 0000101100 1110 11 01 1110 00000011010010110-
111100 01 1110 1001 01111010 01 10001000111010111

&bmnium ffimmmmkffl·

 

