256 66666 66 66666166 Ι[6166 66

,6666666666666166666666116 11666166616666666 6611666666·
66166666666661166 6661-6661611 6616616666666 6611666 1611616666
mii, 1616616661 66 66666 661666 6666666616. ’166 6661116661 166 1661
1611666666366116661 11661666 11616616666666666666,661116666116
6666661611 166. ,

6 6666616666616666661166116166666611666661661. 06 166
16666616616666616666616. anonumum· 666 661666 ⁸„

6. 166161 1666616666611 6616661166 161616 166 666616661166
416661111666666116111666111061666.

1661166666666666666116166661161

11. 6116666016616116616166 66616 0611616616.

16. 01661166 66666. ·166 01661166 6166611661 666 known 66 166

16. 661666666616 11616661 inim ’166 Anio 66166 666 666 61
1666166166661666611166666116666661616666

16 166666 166 66166 6666666616 1166666 66 66666661666
66661661 1616 6 ingo mnoir (6661611666), 61166 16 1661666 61 66
666616 6611111616. From 11616 6161161666 11666116661611 16 61666 66661166
6666116, 6611 1661 portion intended ior 1661666 publio distribution 666
116666 61 1616 61661166 6666666166 6611 pond· (16666) 6611 1666161166
(6611666166).
· 17. mun 6116666666 ut, 6166 Dio, 16. 11, gives 66611666
666666 166 166 6666666166,-166 1166166 16 16666666 166 'iiber by
giving ii 6 inger 6616666 61 66166. Pliny, N. 11. mvi 111, 1666 ,
666666 61 166 work: ⁸⁸ Among 166 moni 6666666616 6666116 166, 1, 166
ny 6661, 6666111 16616116 6661666 6616666166 61 166 Emperor (1166111166,
61166666 11666 6116666111 6666166611 16 consequence oi 166 6616611
66666 6166 by 616 mmm 1 66666 1666666661 1661666 661 1666666
6 66661616, 66 6611161166 Inito 16616666 6 6661 66166 6661 6
6666 6666611 611 (6166161166, 6611 employed 6 666611666 multitudo oi .
6666666166 6666666616. 16 16666 66616 66666 1666611 6666166611
1666ω1111666666ωιη16666666166661666616661161
6666166666 16 6166666616 66616, 166 661111 6666 6611 16 66 6666
11166666 ΑΙῙ1616,166,661116661166616 166 6111161 61 (16666666
611616 i 6 666166 61 6666611666 66166 666 only 66 6116666161] 6666616611
6616666666666611666666611666,661166166 66 666666 iungam
mii punibiy 1166611661*

22 666116616116166661666666616611166166116666616666666
:maiitiam 1661166 611666661, 61661166666616. ’

13·110111111111611666111616.11,61666661611661611111116111

 

