4102 00004 00 0000. [mon 00 ’

00 00000000000440004000040040004000
Η 4000 4004104404 00 ,4004004044 40 00000440040 0404
a qu...v1mt=tmmmmmmmwoame

000040000004014004400440401444040404100000040040000000444444440 ,
22 00000404 040, 0444000040100 40 1001400, ,4040 xlv. 0, 00040
014100 40000 4004040, 00110 040040 (1001044 40004. xiphilin, 141 14,
unu 4004 14040 41144 0100 m 004000, 04040100 400 0000414, 4041 4100110
mk, ’4141144 004 0000 40041000 0000 0 000044401 4004004.”
ammaum... 000040404040441104400000
4000000004004400 1014404400 00410041 400 00144044 congratulata
1040000004οιοη400440410.10;104404111.40,0(0).
21. nmmum, 0404 400 00004 04 00011400004040000 oom-
001104010401000040000000044000404004ς040044041010. ·
n 10000.4000001000004010040000000041 0400101000 440000
⁸2 04100004οκ01040000040000ωο417 1104400404000404,
0004044001140 44

hg· 12¹1· ³. 0044004 00040414040004101440404110401410400140,
1004100041 00000, Nero, 0000. 7. 40.

t 0404010000000000404 04 4004 041010411οκ 40004004 4110,· ·
00 0000 00 000 400014 0000 4040 14040 00040 404 400 0444 41400 0044 0404
tp 040 000441 ; es. Nem, 0000. 14. 10.

8. pedm} 0001001004404400004400004.

u roman 8004004444 004 4004104ῃο404 04 Τ. 011400, 0040041 ,
mund 400 00040 04 her grandfather 10000004 8004004, 000001 10
On. 800000000000 0404004 00004000404100404004010. 800
vu 0404 04044400 40 140400 cuspium 00414444οη004 40 0400, 000 000
000 04 140400 000400 00 140400 00000100 0000004041 04 004, 00 0004
0400 0000 40 400 04041000 04 4040140440, 0041 40014 4000000 01044014.

u 8404414004 numum: 040041410ηο404 04 8404111440 100404,
000041 101100. 800 00014040040144101400041100044000 000·
40004044000104101400401100,40101014004(410044100

100400004040000044144401400000 ,

η muman: 400000000144000004004014040004040
444400401400 00000040400144100400440440, 040. “

a 401000014. 00000040044404 40000000100 duum&

mmammummmmmmw
0000000040

fiflmt 0100000040004004044044040 ⁵

 

