284 00000 00 0000. [mos 111

u pu 1110101111 10010101100001011 0000100 11000 10 chanao
1101001000 0100010οω10. 10000 110100 10 1011000. ’1110 would
001001 10000 upon 110 101100.

‘ u 0010000100000001010010000100’010100,01010101110001000
01110800010010000000000001110 0100100, vm 00110001001110
100010010011100000100001100100111.

‚ 21 0110000 00000100ου oni-{tx 1101100, Am 0111. mund 11,

mmm 110 0010 0010010101 10 00100000 hh popussrity, 001 0010

0111110 00000010 “ 11010103 1100011001000000010 10000001 00000100,

ν1101, 011100 10 01000 110 000110 01 110 00000010 10 10011101, or 10
· ωο010100011101010010, 800000 0000 10 110 world by 110 mouth 01
’ mmmm· 00001000 0001100110, 0100 1101100, Anu. 0111 81
(11 m). 0000110000 110 0000100100 01 110 duty 01 4 0000000100 110
00001000 01 010000. uero 0100 0010001 (Anu. 0111. 11) 110 publication
01 110 0010010100 0110000010, 001101 hitherto 101 1000 1001 000001;
00110000 00000 001 permittet! 10 000100 00011101 0101000 more 1100 00000
1000000οι 80000110000100000111001 100101100 110001 11000, 0011Ιο

’ 1111 011000 000110οο1 10 10000 00100 ’1101100 000010 hh ,100010

2³. 0100001010101000000900100 100100 110 0000010011010010000
000100 11000 010 01010101 110 Pam· 1000, 10. 110 100 10110 11010
1100000100001101000 0010000111. 11. 01 00001001 00000100.
11000011 appear 1101 1100000110001110100 10110, 00001100 0100011
put 01 110 0001000101 property 10 1010000000, 101 1000 1100300101 001
010οςοο01000 10100. 11000000001000111000000011011010001100011
pm 1010010000 001000 011110 0000001] 0000 01000 110 0οω000101
1001100000 10 110 001ςο 01 ’11100100 10 01101 by 110. Anu. ΙΙ. 31. .. ,

2⁴. 0001010000100000001004000001000000001001001110.

25. 0000000 00100100 1001100, Am 0111. 111, 010100 1101 11000010
0100 00 0010101 ; 0100. 10001100 00110 001 1101001000 10100100, 01110οῄ

, . 11000 101100 101 0000010001 11010 own 10010000

21. 00100000000000100110;600,000000100100.01001111,001
27.100000001000...00010110000101010111011001010011110
1001010100, 001101 00010011001 10000 11010 puy. ’100 Anu xv. 11.
2100000011ω,01000,1.800000’0000000111061000.11.1. ’
80. ,001οὓ1000 010000011οτ0 1000110101, 001 0001101; 10. 10
100000000111010000000001110011010300000010111110 00000010100.
⁸1. nmmumsmthocmpmfflm

ham 0 00000000000000.,011ωι10000000οι
100100000110110000010,1100000000000110100000,0000010001
φηωο001000001011000.

ιο

 

