288 ’ 88888888188888 [818888

8888 8888181888 88 888888, eie.. 88 88881118, 88 8818888118, 8 8881881888,
888.. 888 18818 8888888188 b, 881888 imm 888 88188 81 81888 81 88881188,
88888888888888, 8888888888 cs. 8888888. 188. 28.

20. 1188818881818888181188888188881811818188881188. 1188888
888 88 88888 18 888 reign 81 11888 by 188 88881888188881 8188188188
cs. ’188 Anu. 81111. 9811888818 brothor oi Felix, 8881 888881888
188 818 8888881888 8881 88888 1888188118 88888 81818888 88 888818 88
888881188888,88818(11888881 818 818888 by 8888818818 88818188,
ihc, ,1888111 28. 81888188888888888888.

22. 88888888118 8888888118888.8888881881888188881181 88888818·
888 88818, 888 88818188 888 8881818818 88 88888 8188818888 88881888
18881118 with 881888818888 8888. (11888188 8888888 88 8888 8888·
188 8888 88 888188 8888 888888 8888 1888811888. 18 888 iimo 81 888
88888118, 8888 8888188 81 18888, moly 81888, 8888 restricted 88 88888888
’11888188 8888 888 11888 88 888888 888 88888 8888 any 888 88188 888888-
8181 8888. 118 gne 888 8888881818 8888888818 io 8818888, 8881888

28. 888818888888888888 8888888888.

24. iisd: 18 888 8188881 888 8181888888, 88811888181 imum,
1888 88 distinguished 18888 iiie 8888818888, or publio ioeunry. 888
88888888 888 88188888 88188.

28. 18 8888888181 = 1888 8888888818.

28118188888888188888 8888888811. 8818888118 88188-
questio: 8818 88888888888888888, 88888888881888888888888
oiim os 8888 os 88888 ’188881881888 888 888881.

211. 18881888 8188818888818888888 88888888 8881 1888888818·
188 mpori 81818888888818188. ‚⁸ ,Α

21. 8888888881188881188888, 888 .· 8888881888 to 8818888.

22. 8888881888 888 otim 88181, 8888 888 8888888188 os suine
1818188888, orfiamui 8888888 88888 in 811888 81888818 88888881.

188891. L 888188811888881118,1814,881888888888888
88888188 by 01888188 88 888 8888118881 8188881188 118 8888 888 88

818888 8888888888 88188888 8188 888888181888188888.

2. 8888888881. 88881881888888-18188 11188888881888888-
8888888880188818 118888888888881881818888888181888818
8811888888888881881881888818. 1811888888888888888818888
881188888818888818888118818801888188.

81818818111188888888181888888881018881188888188188.

8. &manuninum ummwwmssm
88088811888118181188 1188811888888888888ί88881888118Μὲλ
88818888,ηῆ8818881848888.

 

